# Guam Renewable Integration
# Martin Chang and Ryan Satterlee

# ------------------------------------SETS--------------------------------------
set SITES := Diesel_1 Oil_1 Wind_1 Solar_1;
set RENEWABLES := Wind_1 Solar_1;

# ---------------------------------PARAMETERS-----------------------------------
param:	 TransCost 	CapitalCost	FixedOMCost  VarOMCost InitialDevelopedResource :=
#Solar_1	 100000	  	4183000		24690	     0	       0
Solar_1	 100000	  	4183000		24690	     0	       0
Wind_1	 80000	  	2213000		39550	     0	       0
Oil_1	 0   		973000		7340	     20000	   446
Diesel_1 0   		973000		7340	     15450	   287.2
;

# RPS goal as a % of annual sales       
param RPS_Goal :=
2015 0
2016 5
;       

# Hourly Load [MWh]             
param Load :=
1	3.928
2	4.052
3	4.155
4	4.376
5	4.282
6	4.206
7	4.056
8	4.048
9	4.374
10	4.427
11	4.489
12	4.489
13	4.367
14	4.068
15	3.999
16	4.586
17	4.771
18	4.677
19	4.576
20	4.608
21	4.510
22	4.445
23	4.488
24	4.341
25	4.361
26	4.507
27	4.507
28	4.360
29	4.226
30	4.407
31	4.336
32	4.378
33	4.350
34	4.248
35	4.055
36	3.921
37	4.269
38	4.289
39	4.268
40	4.210
41	4.213
42	4.071
43	4.027
44	4.308
45	4.285
46	4.250
47	4.274
48	4.337
49	4.221
50	4.100
51	4.373
52	4.489
53	4.487
54	4.429
55	4.296
56	4.079
57	3.960
58	4.175
59	4.189
60	4.170
61	4.223
62	4.189
63	4.000
64	3.967
65	4.187
66	4.178
67	4.228
68	4.311
69	4.300
70	4.668
71	4.360
72	4.460
73	4.323
74	4.141
75	4.173
76	4.101
77	3.934
78	4.224
79	4.352
80	4.395
81	4.373
82	4.211
83	4.106
84	3.943
85	3.841
86	4.157
87	4.132
88	4.135
89	4.084
90	4.057
91	3.847
92	3.826
93	4.259
94	4.254
95	4.133
96	4.075
97	4.115
98	4.004
99	3.982
100	4.130
101	4.205
102	4.388
103	4.632
104	4.506
105	4.075
106	3.999
107	4.293
108	4.329
109	4.413
110	4.505
111	4.553
112	4.384
113	3.996
114	4.274
115	4.419
116	4.506
117	4.219
118	4.125
119	4.269
120	4.612
121	5.263
122	5.264
123	5.040
124	4.905
125	4.795
126	4.773
127	4.828
128	5.274
129	5.274
130	5.462
131	5.645
132	5.662
133	5.626
134	5.615
135	5.822
136	5.873
137	6.316
138	6.322
139	6.290
140	6.081
141	5.932
142	5.054
143	5.245
144	5.926
145	6.179
146	5.971
147	5.200
148	4.651
149	4.817
150	5.398
151	5.823
152	6.157
153	6.730
154	6.877
155	6.844
156	7.129
157	6.854
158	6.732
159	6.702
160	6.553
161	6.150
162	5.940
163	6.203
164	6.778
165	6.589
166	6.161
167	6.356
168	6.444
169	6.671
170	7.206
171	7.045
172	7.008
173	7.136
174	7.207
175	7.088
176	7.180
177	7.218
178	7.110
179	7.226
180	7.379
181	7.397
182	7.314
183	6.845
184	7.193
185	6.976
186	6.294
187	6.837
188	6.630
189	6.820
190	7.193
191	7.446
192	7.603
193	7.930
194	8.276
195	8.299
196	7.811
197	7.357
198	7.572
199	8.154
200	8.135
201	7.916
202	8.147
203	8.188
204	8.127
205	8.293
206	7.961
207	7.188
208	7.045
209	6.948
210	6.654
211	6.200
212	6.821
213	6.859
214	6.881
215	6.960
216	6.541
217	6.524
218	6.782
219	7.701
220	7.752
221	7.240
222	7.285
223	7.165
224	6.606
225	6.805
226	7.064
227	6.695
228	7.001
229	7.020
230	6.965
231	6.921
232	7.053
233	7.413
234	6.760
235	7.291
236	6.331
237	6.659
238	6.666
239	6.454
240	6.811
241	6.952
242	7.183
243	7.166
244	7.250
245	6.691
246	5.969
247	6.185
248	6.582
249	6.679
250	5.950
251	5.884
252	5.471
253	5.734
254	6.282
255	6.316
256	6.134
257	6.125
258	5.683
259	5.156
260	5.014
261	5.342
262	5.531
263	5.541
264	5.060
265	5.109
266	4.851
267	5.011
268	5.792
269	6.115
270	5.975
271	5.723
272	5.482
273	5.335
274	5.406
275	5.855
276	5.925
277	5.860
278	5.757
279	5.346
280	4.636
281	4.581
282	4.780
283	4.736
284	4.845
285	4.893
286	4.880
287	4.345
288	4.073
289	4.445
290	4.447
291	4.364
292	4.355
293	4.383
294	4.283
295	4.313
296	4.677
297	4.770
298	4.748
299	4.365
300	4.350
301	4.265
302	4.061
303	4.357
304	4.338
305	4.330
306	4.311
307	4.323
308	4.122
309	4.074
310	4.426
311	4.506
312	4.501
313	4.413
314	4.284
315	4.071
316	4.013
317	4.241
318	4.246
319	4.277
320	4.287
321	4.260
322	4.106
323	4.127
324	4.459
325	4.470
326	4.386
327	3.997
328	3.990
329	4.026
330	4.016
331	4.373
332	4.427
333	4.725
334	5.041
335	4.888
336	4.584
337	4.515
338	4.725
339	4.682
340	4.706
341	4.605
342	4.454
343	4.336
344	4.358
345	4.720
346	4.818
347	4.775
348	4.692
349	4.603
350	4.436
351	4.376
352	4.877
353	5.129
354	5.326
355	5.310
356	5.349
357	4.971
358	4.703
359	4.470
360	4.639
361	4.745
362	4.988
363	4.877
364	4.756
365	4.654
366	3.962
367	4.086
368	4.191
369	4.414
370	4.319
371	4.242
372	4.091
373	4.083
374	4.411
375	4.465
376	4.528
377	4.528
378	4.405
379	4.103
380	4.034
381	4.625
382	4.812
383	4.717
384	4.616
385	4.647
386	4.548
387	4.483
388	4.526
389	4.379
390	4.398
391	4.546
392	4.546
393	4.397
394	4.262
395	4.445
396	4.374
397	4.416
398	4.388
399	4.285
400	4.090
401	3.955
402	4.306
403	4.326
404	4.305
405	4.246
406	4.250
407	4.106
408	4.062
409	4.345
410	4.322
411	4.287
412	4.311
413	4.374
414	4.257
415	4.136
416	4.411
417	4.527
418	4.526
419	4.467
420	4.333
421	4.114
422	3.994
423	4.211
424	4.225
425	4.206
426	4.259
427	4.225
428	4.035
429	4.001
430	4.223
431	4.214
432	4.265
433	4.348
434	4.337
435	4.709
436	4.398
437	4.499
438	4.360
439	4.176
440	4.209
441	4.136
442	3.968
443	4.260
444	4.390
445	4.433
446	4.411
447	4.248
448	4.141
449	3.977
450	3.874
451	4.193
452	4.168
453	4.170
454	4.119
455	4.092
456	3.881
457	3.859
458	4.296
459	4.291
460	4.168
461	4.110
462	4.151
463	4.039
464	4.016
465	4.165
466	4.241
467	4.426
468	4.672
469	4.545
470	4.110
471	4.033
472	4.330
473	4.366
474	4.451
475	4.544
476	4.592
477	4.422
478	4.030
479	4.311
480	4.457
481	4.545
482	4.255
483	4.160
484	4.306
485	4.652
486	5.308
487	5.310
488	5.084
489	4.947
490	4.836
491	4.814
492	4.870
493	5.319
494	5.319
495	5.509
496	5.694
497	5.711
498	5.674
499	5.664
500	5.872
501	5.923
502	6.370
503	6.376
504	6.344
505	6.134
506	5.983
507	5.098
508	5.290
509	5.977
510	6.233
511	6.022
512	5.244
513	4.691
514	4.859
515	5.444
516	5.873
517	6.210
518	6.788
519	6.937
520	6.903
521	7.190
522	6.913
523	6.790
524	6.760
525	6.610
526	6.203
527	5.991
528	6.256
529	6.836
530	6.646
531	6.214
532	6.410
533	6.500
534	6.728
535	7.269
536	7.106
537	7.069
538	7.198
539	7.269
540	7.149
541	7.242
542	7.281
543	7.172
544	7.289
545	7.443
546	7.461
547	7.377
548	6.904
549	7.255
550	7.036
551	6.348
552	6.896
553	6.687
554	6.879
555	7.255
556	7.510
557	7.669
558	7.998
559	8.347
560	8.370
561	7.878
562	7.420
563	7.637
564	8.224
565	8.205
566	7.985
567	8.217
568	8.259
569	8.197
570	8.364
571	8.029
572	7.250
573	7.106
574	7.008
575	6.711
576	6.253
577	6.880
578	6.918
579	6.940
580	7.020
581	6.597
582	6.580
583	6.840
584	7.768
585	7.819
586	7.303
587	7.348
588	7.227
589	6.663
590	6.863
591	7.125
592	6.753
593	7.061
594	7.081
595	7.025
596	6.980
597	7.114
598	7.476
599	6.818
600	7.354
601	6.385
602	6.716
603	6.724
604	6.510
605	6.870
606	7.012
607	7.245
608	7.228
609	7.313
610	6.749
611	6.021
612	6.239
613	6.639
614	6.736
615	6.001
616	5.935
617	5.518
618	5.784
619	6.336
620	6.370
621	6.187
622	6.178
623	5.732
624	5.200
625	5.058
626	5.388
627	5.579
628	5.588
629	5.104
630	5.153
631	4.892
632	5.055
633	5.842
634	6.167
635	6.026
636	5.772
637	5.529
638	5.381
639	5.453
640	5.905
641	5.976
642	5.910
643	5.806
644	5.392
645	4.676
646	4.621
647	4.821
648	4.776
649	4.887
650	4.935
651	4.922
652	4.383
653	4.108
654	4.484
655	4.485
656	4.402
657	4.393
658	4.421
659	4.320
660	4.350
661	4.717
662	4.811
663	4.789
664	4.402
665	4.387
666	4.302
667	4.096
668	4.395
669	4.376
670	4.368
671	4.348
672	4.360
673	4.157
674	4.109
675	4.464
676	4.545
677	4.539
678	4.451
679	4.321
680	4.106
681	4.048
682	4.278
683	4.283
684	4.314
685	4.324
686	4.297
687	4.142
688	4.163
689	4.497
690	4.508
691	4.423
692	4.032
693	4.024
694	4.061
695	4.051
696	4.411
697	4.465
698	4.765
699	5.084
700	4.930
701	4.624
702	4.554
703	4.766
704	4.722
705	4.746
706	4.644
707	4.493
708	4.373
709	4.396
710	4.761
711	4.859
712	4.817
713	4.732
714	4.642
715	4.474
716	4.413
717	4.919
718	5.173
719	5.372
720	5.355
721	5.395
722	5.014
723	4.743
724	4.509
725	4.679
726	4.786
727	5.031
728	4.919
729	4.797
730	4.694
;
         
# Avaiability of resource [MW/km^2]
param: ResourceAvailability :=
[Solar_1,*] 
1	3.691
2	5.332
3	6.012
4	4.537
5	3.935
6	5.461
7	2.283
8	5.874
9	4.409
10	5.529
11	1.992
12	5.548
13	4.119
14	6.083
15	5.034
16	3.339
17	5.428
18	3.894
19	5.929
20	4.821
21	4.246
22	6.085
23	5.718
24	5.078
25	2.542
26	5.374
27	5.312
28	5.158
29	5.356
30	2.939
31	3.595
32	6.454
33	5.703
34	2.884
35	6.023
36	4.608
37	3.078
38	2.774
39	4.616
40	3.941
41	5.961
42	5.511
43	3.782
44	3.364
45	4.512
46	4.156
47	3.939
48	3.905
49	3.112
50	2.995
51	5.363
52	3.415
53	4.148
54	5.695
55	4.636
56	5.772
57	3.175
58	5.204
59	6.153
60	4.773
61	5.889
62	5.174
63	3.561
64	3.775
65	3.398
66	4.304
67	3.809
68	5.043
69	5.846
70	6.054
71	5.098
72	4.739
73	6.227
74	4.897
75	5.190
76	3.838
77	5.110
78	5.606
79	2.542
80	4.045
81	3.956
82	3.321
83	6.679
84	6.407
85	6.483
86	3.025
87	5.967
88	6.429
89	5.410
90	5.592
91	6.678
92	6.470
93	4.746
94	5.916
95	6.361
96	5.943
97	6.301
98	4.371
99	6.550
100	4.057
101	5.814
102	3.505
103	1.703
104	4.964
105	4.738
106	5.832
107	3.515
108	6.388
109	6.242
110	6.353
111	5.267
112	4.755
113	5.682
114	4.925
115	6.004
116	3.993
117	5.605
118	5.017
119	4.501
120	5.495
121	5.414
122	4.958
123	5.227
124	6.349
125	3.041
126	4.456
127	5.825
128	3.422
129	1.497
130	3.420
131	4.699
132	3.630
133	7.187
134	6.191
135	5.049
136	5.058
137	4.951
138	7.242
139	6.646
140	5.710
141	6.145
142	6.492
143	5.312
144	6.554
145	6.677
146	3.940
147	4.694
148	4.357
149	6.188
150	5.241
151	5.666
152	5.952
153	4.646
154	6.882
155	3.365
156	3.630
157	4.406
158	6.477
159	4.752
160	3.752
161	2.953
162	2.974
163	5.578
164	1.754
165	4.049
166	1.955
167	2.322
168	3.415
169	4.084
170	6.254
171	5.433
172	3.991
173	6.389
174	4.339
175	3.795
176	4.673
177	5.940
178	5.877
179	6.998
180	5.966
181	5.320
182	5.635
183	3.843
184	5.211
185	3.999
186	5.344
187	4.868
188	3.653
189	5.138
190	4.018
191	5.333
192	3.572
193	3.514
194	5.825
195	4.380
196	6.418
197	5.822
198	3.270
199	4.818
200	2.853
201	1.757
202	2.101
203	4.071
204	4.209
205	3.060
206	4.136
207	5.272
208	3.816
209	3.387
210	3.612
211	4.490
212	6.133
213	2.342
214	4.516
215	3.939
216	4.325
217	5.123
218	5.445
219	6.074
220	4.177
221	6.017
222	4.826
223	4.249
224	4.047
225	4.290
226	4.429
227	5.652
228	4.678
229	2.781
230	4.749
231	4.712
232	5.298
233	4.777
234	6.222
235	3.247
236	5.431
237	3.321
238	6.206
239	5.128
240	4.845
241	6.547
242	5.913
243	6.441
244	5.396
245	4.128
246	2.270
247	1.769
248	2.848
249	5.309
250	4.491
251	3.256
252	2.963
253	3.182
254	5.714
255	4.525
256	5.800
257	2.497
258	3.466
259	3.798
260	1.782
261	6.099
262	5.839
263	1.689
264	6.176
265	3.745
266	3.025
267	3.670
268	4.842
269	3.126
270	4.223
271	2.437
272	1.395
273	2.916
274	4.992
275	5.896
276	4.886
277	6.393
278	3.953
279	2.792
280	2.387
281	3.715
282	5.220
283	5.759
284	6.017
285	1.945
286	2.864
287	6.321
288	5.285
289	4.071
290	4.519
291	2.028
292	1.312
293	5.128
294	5.411
295	3.486
296	1.901
297	1.483
298	1.070
299	1.275
300	5.110
301	2.547
302	4.102
303	3.637
304	4.682
305	5.403
306	4.509
307	3.487
308	2.524
309	5.620
310	5.264
311	5.672
312	5.315
313	5.613
314	4.603
315	4.771
316	4.688
317	5.554
318	4.213
319	5.288
320	3.997
321	4.465
322	4.079
323	5.939
324	4.796
325	5.375
326	5.682
327	3.882
328	3.055
329	2.352
330	3.820
331	5.379
332	3.502
333	3.778
334	4.613
335	2.293
336	5.013
337	5.516
338	3.013
339	3.127
340	4.162
341	4.468
342	2.736
343	4.265
344	2.906
345	3.649
346	4.066
347	4.297
348	2.813
349	2.617
350	3.203
351	3.453
352	4.799
353	3.570
354	2.409
355	4.417
356	1.122
357	2.346
358	4.177
359	4.487
360	4.659
361	4.237
362	4.746
363	4.903
364	3.265
365	4.048
366	3.691
367	5.332
368	6.012
369	4.537
370	3.935
371	5.461
372	2.283
373	5.874
374	4.409
375	5.529
376	1.992
377	5.548
378	4.119
379	6.083
380	5.034
381	3.339
382	5.428
383	3.894
384	5.929
385	4.821
386	4.246
387	6.085
388	5.718
389	5.078
390	2.542
391	5.374
392	5.312
393	5.158
394	5.356
395	2.939
396	3.595
397	6.454
398	5.703
399	2.884
400	6.023
401	4.608
402	3.078
403	2.774
404	4.616
405	3.941
406	5.961
407	5.511
408	3.782
409	3.364
410	4.512
411	4.156
412	3.939
413	3.905
414	3.112
415	2.995
416	5.363
417	3.415
418	4.148
419	5.695
420	4.636
421	5.772
422	3.175
423	5.204
424	6.153
425	4.773
426	5.889
427	5.174
428	3.561
429	3.775
430	3.398
431	4.304
432	3.809
433	5.043
434	5.846
435	6.054
436	5.098
437	4.739
438	6.227
439	4.897
440	5.190
441	3.838
442	5.110
443	5.606
444	2.542
445	4.045
446	3.956
447	3.321
448	6.679
449	6.407
450	6.483
451	3.025
452	5.967
453	6.429
454	5.410
455	5.592
456	6.678
457	6.470
458	4.746
459	5.916
460	6.361
461	5.943
462	6.301
463	4.371
464	6.550
465	4.057
466	5.814
467	3.505
468	1.703
469	4.964
470	4.738
471	5.832
472	3.515
473	6.388
474	6.242
475	6.353
476	5.267
477	4.755
478	5.682
479	4.925
480	6.004
481	3.993
482	5.605
483	5.017
484	4.501
485	5.495
486	5.414
487	4.958
488	5.227
489	6.349
490	3.041
491	4.456
492	5.825
493	3.422
494	1.497
495	3.420
496	4.699
497	3.630
498	7.187
499	6.191
500	5.049
501	5.058
502	4.951
503	7.242
504	6.646
505	5.710
506	6.145
507	6.492
508	5.312
509	6.554
510	6.677
511	3.940
512	4.694
513	4.357
514	6.188
515	5.241
516	5.666
517	5.952
518	4.646
519	6.882
520	3.365
521	3.630
522	4.406
523	6.477
524	4.752
525	3.752
526	2.953
527	2.974
528	5.578
529	1.754
530	4.049
531	1.955
532	2.322
533	3.415
534	4.084
535	6.254
536	5.433
537	3.991
538	6.389
539	4.339
540	3.795
541	4.673
542	5.940
543	5.877
544	6.998
545	5.966
546	5.320
547	5.635
548	3.843
549	5.211
550	3.999
551	5.344
552	4.868
553	3.653
554	5.138
555	4.018
556	5.333
557	3.572
558	3.514
559	5.825
560	4.380
561	6.418
562	5.822
563	3.270
564	4.818
565	2.853
566	1.757
567	2.101
568	4.071
569	4.209
570	3.060
571	4.136
572	5.272
573	3.816
574	3.387
575	3.612
576	4.490
577	6.133
578	2.342
579	4.516
580	3.939
581	4.325
582	5.123
583	5.445
584	6.074
585	4.177
586	6.017
587	4.826
588	4.249
589	4.047
590	4.290
591	4.429
592	5.652
593	4.678
594	2.781
595	4.749
596	4.712
597	5.298
598	4.777
599	6.222
600	3.247
601	5.431
602	3.321
603	6.206
604	5.128
605	4.845
606	6.547
607	5.913
608	6.441
609	5.396
610	4.128
611	2.270
612	1.769
613	2.848
614	5.309
615	4.491
616	3.256
617	2.963
618	3.182
619	5.714
620	4.525
621	5.800
622	2.497
623	3.466
624	3.798
625	1.782
626	6.099
627	5.839
628	1.689
629	6.176
630	3.745
631	3.025
632	3.670
633	4.842
634	3.126
635	4.223
636	2.437
637	1.395
638	2.916
639	4.992
640	5.896
641	4.886
642	6.393
643	3.953
644	2.792
645	2.387
646	3.715
647	5.220
648	5.759
649	6.017
650	1.945
651	2.864
652	6.321
653	5.285
654	4.071
655	4.519
656	2.028
657	1.312
658	5.128
659	5.411
660	3.486
661	1.901
662	1.483
663	1.070
664	1.275
665	5.110
666	2.547
667	4.102
668	3.637
669	4.682
670	5.403
671	4.509
672	3.487
673	2.524
674	5.620
675	5.264
676	5.672
677	5.315
678	5.613
679	4.603
680	4.771
681	4.688
682	5.554
683	4.213
684	5.288
685	3.997
686	4.465
687	4.079
688	5.939
689	4.796
690	5.375
691	5.682
692	3.882
693	3.055
694	2.352
695	3.820
696	5.379
697	3.502
698	3.778
699	4.613
700	2.293
701	5.013
702	5.516
703	3.013
704	3.127
705	4.162
706	4.468
707	2.736
708	4.265
709	2.906
710	3.649
711	4.066
712	4.297
713	2.813
714	2.617
715	3.203
716	3.453
717	4.799
718	3.570
719	2.409
720	4.417
721	1.122
722	2.346
723	4.177
724	4.487
725	4.659
726	4.237
727	4.746
728	4.903
729	3.265
730	4.048

[Wind_1,*]
1	3.979
2	1.448
3	2.840
4	4.929
5	3.393
6	1.503
7	2.656
8	3.874
9	0.742
10	2.029
11	2.503
12	1.792
13	1.718
14	4.285
15	6.595
16	7.937
17	7.657
18	2.291
19	1.619
20	4.117
21	5.348
22	3.577
23	4.188
24	4.166
25	4.801
26	3.954
27	2.283
28	4.954
29	4.914
30	4.657
31	5.272
32	3.953
33	3.920
34	6.266
35	6.184
36	2.557
37	3.318
38	2.606
39	2.349
40	2.888
41	4.281
42	3.784
43	1.922
44	3.465
45	4.606
46	3.410
47	0.629
48	0.213
49	2.290
50	2.461
51	1.166
52	3.882
53	4.022
54	5.531
55	4.197
56	4.943
57	5.510
58	5.142
59	4.179
60	4.342
61	4.068
62	3.730
63	5.756
64	6.438
65	6.190
66	8.480
67	9.082
68	8.363
69	5.338
70	4.588
71	2.706
72	2.843
73	3.130
74	1.643
75	2.784
76	1.980
77	3.030
78	3.288
79	4.001
80	3.405
81	4.342
82	2.092
83	0.888
84	0.201
85	0.651
86	1.326
87	3.174
88	3.240
89	3.602
90	2.198
91	1.444
92	2.391
93	2.074
94	2.498
95	2.956
96	2.181
97	1.328
98	1.468
99	2.225
100	2.751
101	3.274
102	4.880
103	3.783
104	3.371
105	3.174
106	3.327
107	2.138
108	2.929
109	0.737
110	0.974
111	1.970
112	1.509
113	4.175
114	4.647
115	4.228
116	4.434
117	2.427
118	1.308
119	1.747
120	1.242
121	2.207
122	2.597
123	1.459
124	0.790
125	0.796
126	0.938
127	1.957
128	2.302
129	10.079
130	7.540
131	1.087
132	2.698
133	1.899
134	1.746
135	1.439
136	1.709
137	1.104
138	1.088
139	2.448
140	2.719
141	1.326
142	1.378
143	1.106
144	1.017
145	1.013
146	1.159
147	1.280
148	1.399
149	1.592
150	2.375
151	2.254
152	2.581
153	0.824
154	2.028
155	2.233
156	2.004
157	1.649
158	1.421
159	3.052
160	2.197
161	1.258
162	1.824
163	2.175
164	2.222
165	2.813
166	2.467
167	0.585
168	1.001
169	8.677
170	9.875
171	2.924
172	0.336
173	0.646
174	0.948
175	2.123
176	3.801
177	1.949
178	1.494
179	0.576
180	0.922
181	2.367
182	3.867
183	1.176
184	0.056
185	0.255
186	0.355
187	0.244
188	0.159
189	0.233
190	0.150
191	0.646
192	0.322
193	0.168
194	0.622
195	1.070
196	0.313
197	1.066
198	0.815
199	2.104
200	1.078
201	1.565
202	1.145
203	1.631
204	0.938
205	0.103
206	0.078
207	0.069
208	0.118
209	0.052
210	0.052
211	0.031
212	0.134
213	0.054
214	0.112
215	0.103
216	1.990
217	0.550
218	0.165
219	0.082
220	0.152
221	0.182
222	0.444
223	0.059
224	0.143
225	0.415
226	0.193
227	0.157
228	1.260
229	0.773
230	0.063
231	0.670
232	0.931
233	0.711
234	2.574
235	0.562
236	1.034
237	0.115
238	0.343
239	0.223
240	0.352
241	0.219
242	0.192
243	0.145
244	0.403
245	0.262
246	1.006
247	1.025
248	1.514
249	0.434
250	0.104
251	0.065
252	0.124
253	0.036
254	0.265
255	0.053
256	0.061
257	0.230
258	2.761
259	10.656
260	0.687
261	0.227
262	1.961
263	2.603
264	4.593
265	2.751
266	4.279
267	6.601
268	6.836
269	5.332
270	0.355
271	0.562
272	0.821
273	0.509
274	0.397
275	0.609
276	0.656
277	3.241
278	7.310
279	0.449
280	2.232
281	0.817
282	0.302
283	0.112
284	0.094
285	1.193
286	0.485
287	0.145
288	0.062
289	0.358
290	0.289
291	0.638
292	14.419
293	0.439
294	0.579
295	0.621
296	0.603
297	13.292
298	89.056
299	16.716
300	4.977
301	2.889
302	1.061
303	0.228
304	0.413
305	2.225
306	8.476
307	9.090
308	2.033
309	0.803
310	1.895
311	1.066
312	2.990
313	2.357
314	1.698
315	3.627
316	3.176
317	5.349
318	4.288
319	2.376
320	2.189
321	4.380
322	4.403
323	0.641
324	4.666
325	6.081
326	4.635
327	3.817
328	4.091
329	3.363
330	4.247
331	3.567
332	6.247
333	4.271
334	4.186
335	4.938
336	4.641
337	6.765
338	4.783
339	5.958
340	8.705
341	10.665
342	8.446
343	8.164
344	6.526
345	5.864
346	4.190
347	7.416
348	11.729
349	16.536
350	15.951
351	18.115
352	10.493
353	6.890
354	13.076
355	13.803
356	11.271
357	6.928
358	3.463
359	0.912
360	1.202
361	1.481
362	2.873
363	5.364
364	4.768
365	1.297
366	3.979
367	1.448
368	2.840
369	4.929
370	3.393
371	1.503
372	2.656
373	3.874
374	0.742
375	2.029
376	2.503
377	1.792
378	1.718
379	4.285
380	6.595
381	7.937
382	7.657
383	2.291
384	1.619
385	4.117
386	5.348
387	3.577
388	4.188
389	4.166
390	4.801
391	3.954
392	2.283
393	4.954
394	4.914
395	4.657
396	5.272
397	3.953
398	3.920
399	6.266
400	6.184
401	2.557
402	3.318
403	2.606
404	2.349
405	2.888
406	4.281
407	3.784
408	1.922
409	3.465
410	4.606
411	3.410
412	0.629
413	0.213
414	2.290
415	2.461
416	1.166
417	3.882
418	4.022
419	5.531
420	4.197
421	4.943
422	5.510
423	5.142
424	4.179
425	4.342
426	4.068
427	3.730
428	5.756
429	6.438
430	6.190
431	8.480
432	9.082
433	8.363
434	5.338
435	4.588
436	2.706
437	2.843
438	3.130
439	1.643
440	2.784
441	1.980
442	3.030
443	3.288
444	4.001
445	3.405
446	4.342
447	2.092
448	0.888
449	0.201
450	0.651
451	1.326
452	3.174
453	3.240
454	3.602
455	2.198
456	1.444
457	2.391
458	2.074
459	2.498
460	2.956
461	2.181
462	1.328
463	1.468
464	2.225
465	2.751
466	3.274
467	4.880
468	3.783
469	3.371
470	3.174
471	3.327
472	2.138
473	2.929
474	0.737
475	0.974
476	1.970
477	1.509
478	4.175
479	4.647
480	4.228
481	4.434
482	2.427
483	1.308
484	1.747
485	1.242
486	2.207
487	2.597
488	1.459
489	0.790
490	0.796
491	0.938
492	1.957
493	2.302
494	10.079
495	7.540
496	1.087
497	2.698
498	1.899
499	1.746
500	1.439
501	1.709
502	1.104
503	1.088
504	2.448
505	2.719
506	1.326
507	1.378
508	1.106
509	1.017
510	1.013
511	1.159
512	1.280
513	1.399
514	1.592
515	2.375
516	2.254
517	2.581
518	0.824
519	2.028
520	2.233
521	2.004
522	1.649
523	1.421
524	3.052
525	2.197
526	1.258
527	1.824
528	2.175
529	2.222
530	2.813
531	2.467
532	0.585
533	1.001
534	8.677
535	9.875
536	2.924
537	0.336
538	0.646
539	0.948
540	2.123
541	3.801
542	1.949
543	1.494
544	0.576
545	0.922
546	2.367
547	3.867
548	1.176
549	0.056
550	0.255
551	0.355
552	0.244
553	0.159
554	0.233
555	0.150
556	0.646
557	0.322
558	0.168
559	0.622
560	1.070
561	0.313
562	1.066
563	0.815
564	2.104
565	1.078
566	1.565
567	1.145
568	1.631
569	0.938
570	0.103
571	0.078
572	0.069
573	0.118
574	0.052
575	0.052
576	0.031
577	0.134
578	0.054
579	0.112
580	0.103
581	1.990
582	0.550
583	0.165
584	0.082
585	0.152
586	0.182
587	0.444
588	0.059
589	0.143
590	0.415
591	0.193
592	0.157
593	1.260
594	0.773
595	0.063
596	0.670
597	0.931
598	0.711
599	2.574
600	0.562
601	1.034
602	0.115
603	0.343
604	0.223
605	0.352
606	0.219
607	0.192
608	0.145
609	0.403
610	0.262
611	1.006
612	1.025
613	1.514
614	0.434
615	0.104
616	0.065
617	0.124
618	0.036
619	0.265
620	0.053
621	0.061
622	0.230
623	2.761
624	10.656
625	0.687
626	0.227
627	1.961
628	2.603
629	4.593
630	2.751
631	4.279
632	6.601
633	6.836
634	5.332
635	0.355
636	0.562
637	0.821
638	0.509
639	0.397
640	0.609
641	0.656
642	3.241
643	7.310
644	0.449
645	2.232
646	0.817
647	0.302
648	0.112
649	0.094
650	1.193
651	0.485
652	0.145
653	0.062
654	0.358
655	0.289
656	0.638
657	14.419
658	0.439
659	0.579
660	0.621
661	0.603
662	13.292
663	89.056
664	16.716
665	4.977
666	2.889
667	1.061
668	0.228
669	0.413
670	2.225
671	8.476
672	9.090
673	2.033
674	0.803
675	1.895
676	1.066
677	2.990
678	2.357
679	1.698
680	3.627
681	3.176
682	5.349
683	4.288
684	2.376
685	2.189
686	4.380
687	4.403
688	0.641
689	4.666
690	6.081
691	4.635
692	3.817
693	4.091
694	3.363
695	4.247
696	3.567
697	6.247
698	4.271
699	4.186
700	4.938
701	4.641
702	6.765
703	4.783
704	5.958
705	8.705
706	10.665
707	8.446
708	8.164
709	6.526
710	5.864
711	4.190
712	7.416
713	11.729
714	16.536
715	15.951
716	18.115
717	10.493
718	6.890
719	13.076
720	13.803
721	11.271
722	6.928
723	3.463
724	0.912
725	1.202
726	1.481
727	2.873
728	5.364
729	4.768
730	1.297
; 

# Max Capacity of each renewable site [MW]
param MaxCapacity :=
Solar_1 225
Wind_1  20
;

# -----------------------------DECISION VARIABLES-------------------------------


# -----------------------------DEFINED VARIABLES--------------------------------


# -----------------------------OBJECTIVE FUNCTION-------------------------------


# ---------------------------------CONSTRAINTS----------------------------------

